$ 1 1.0000000000000001e-7 16.817414165184545 50 5 43 5e-11
t 176 320 208 320 0 1 0.6017373634443384 0.8070594389439454 200 default
t 336 320 304 320 0 1 0.6127092525522201 0.8060720250388135 200 default
t 240 224 208 224 0 -1 3.9882260988674205 -0.8064518256329727 200 default
t 272 224 304 224 0 -1 4.000265780313526 -0.8063714471998802 200 default
r 288 272 272 272 0 220
r 224 272 240 272 0 220
w 240 272 272 224 0
w 240 224 272 272 0
w 304 240 304 272 0
w 304 272 304 304 0
w 208 272 208 304 0
w 208 240 208 272 0
r 240 192 240 208 0 1000
r 272 192 272 208 0 1000
w 208 208 208 192 0
w 240 208 240 224 0
w 272 208 272 224 0
w 304 192 304 208 0
w 304 192 272 192 0
w 272 192 240 192 0
w 240 192 208 192 0
w 224 272 208 272 0
w 288 272 304 272 0
w 208 336 208 352 0
w 208 352 256 352 0
w 256 352 304 352 0
w 304 352 304 336 0
g 256 352 256 368 0 0
207 208 192 176 192 4 Vcc
207 208 160 176 160 4 Vcc
R 208 160 240 160 0 0 40 5 0 0 0.5
207 224 304 256 304 4 A
207 288 304 256 304 4 B
207 576 208 544 208 4 A
207 576 304 544 304 4 B
t 96 320 128 320 0 1 -0.8075812321781928 -0.0005217932342473689 100 default
w 128 304 144 304 0
w 144 304 160 320 0
w 160 320 176 320 0
w 128 336 128 352 0
g 128 352 128 368 0 0
r 128 272 128 288 0 220
207 96 272 64 272 4 Vcc
w 128 288 128 304 0
w 96 272 128 272 0
w 368 304 368 288 0
w 368 272 416 272 0
r 400 240 400 256 0 4700
w 480 288 480 320 0
207 416 272 448 272 4 Vcc
r 368 272 368 288 0 220
g 368 352 368 368 0 0
w 368 336 368 352 0
t 400 320 368 320 0 1 -0.8063802182787482 -0.0003081932399346708 100 default
w 368 304 352 304 0
w 352 304 336 320 0
t 432 224 400 224 0 -1 -4.373745809971297e-11 4.373779560751245e-9 100 default
w 304 192 400 192 0
w 400 256 400 288 0
w 400 192 400 208 0
207 416 320 448 320 4 sigB
207 64 320 32 320 4 sigA
R -160 304 -192 304 0 4 100000 2.5 2.5 0 0.5
r 64 320 80 320 0 4700
r 400 320 416 320 0 4700
207 -16 320 16 320 4 sigA
r 576 256 576 304 0 8.2
l 576 208 576 256 0 0.0001 -0.06193800837224409 0
w 304 208 320 208 0
w 304 240 320 240 0
34 fwdrop\q0.5 1 1.7143528192810002e-7 0 1.2408413761703712 0 1
d 320 240 320 208 2 fwdrop\q0.5
d 192 240 192 208 2 fwdrop\q0.5
w 192 240 208 240 0
w 192 208 208 208 0
d 224 336 224 304 2 fwdrop\q0.5
w 224 336 208 336 0
w 224 304 208 304 0
d 288 336 288 304 2 fwdrop\q0.5
w 288 336 304 336 0
w 288 304 304 304 0
a -96 320 -16 320 8 5 0 1000000 4.149999999976978 -1.0680000000018413 100000
R -96 336 -128 336 0 3 2000 5 0 0 0.5
w 80 320 96 320 0
R -96 432 -128 432 0 3 2000 5 0 3.141592653589793 0.5
a -96 416 -16 416 8 5 0 1000000 4.149999999976978 1.0680000000018413 100000
207 -16 416 16 416 4 sigB
w -96 400 -160 400 0
w -160 400 -160 304 0
w -160 304 -96 304 0
o 66 8 0 4354 5 0.1 0 2 66 3
o 62 4 0 4098 5 0.00009765625 1 6 62 3 81 0 81 3 83 0 83 3
o 38 8 0 12290 0.8103396063603583 0.0001 2 2 38 3
o 55 8 0 12290 0.8091124387527453 0.0001 2 2 55 3
