$ 1 1.0000000000000001e-7 16.817414165184545 50 5 43 5e-11
t 176 320 208 320 0 1 0.6419708976660238 0.7610638820375589 200 default
t 336 320 304 320 0 1 -4.877423813506281 -0.0005462784534722096 200 default
t 240 224 208 224 0 -1 4.797150235191106 -0.08375678043735846 200 default
t 272 224 304 224 0 -1 -0.6374737107263 -0.7605961756734905 200 default
r 288 272 272 272 0 470
r 224 272 240 272 0 470
w 240 272 272 224 0
w 240 224 272 272 0
w 304 240 304 272 0
w 304 272 304 304 0
w 208 272 208 304 0
w 208 240 208 272 0
r 240 192 240 208 0 1000
r 272 192 272 208 0 1000
w 208 208 208 192 0
w 240 208 240 224 0
w 272 208 272 224 0
w 304 192 304 208 0
w 304 192 272 192 0
w 272 192 240 192 0
w 240 192 208 192 0
w 224 272 208 272 0
w 288 272 304 272 0
w 208 336 208 352 0
w 208 352 256 352 0
w 256 352 304 352 0
w 304 352 304 336 0
g 256 352 256 368 0 0
207 208 192 176 192 4 Vcc
207 208 160 176 160 4 Vcc
R 208 160 240 160 0 0 40 5 0 0 0.5
207 224 304 256 304 4 A
207 288 304 256 304 4 B
207 480 320 448 320 4 B
w 160 320 176 320 0
w 352 320 336 320 0
207 368 320 400 320 4 sigB
207 144 320 112 320 4 sigA
R -336 224 -368 224 0 3 100000 2.5 2.5 0 0.5
r 144 320 160 320 0 470
r 352 320 368 320 0 470
207 -192 240 -160 240 4 sigA
r 480 224 480 320 0 8.2
w 304 208 320 208 0
w 304 240 320 240 0
34 fwdrop\q0.5 1 1.7143528192810002e-7 0 1.2408413761703712 0 1
d 320 240 320 208 2 fwdrop\q0.5
d 192 240 192 208 2 fwdrop\q0.5
w 192 240 208 240 0
w 192 208 208 208 0
d 224 336 224 304 2 fwdrop\q0.5
w 224 336 208 336 0
w 224 304 208 304 0
d 288 336 288 304 2 fwdrop\q0.5
w 288 336 304 336 0
w 288 304 304 304 0
a -272 240 -192 240 8 5 0 1000000 1.699999999056799 4.568578754671357 100000
R -272 256 -304 256 0 1 2000 5 0 0 0.5
R -272 352 -304 352 0 1 2000 5 0 3.141592653589793 0.5
a -272 336 -192 336 8 5 0 1000000 1.699999999056799 -4.56857875467135 100000
207 -192 336 -160 336 4 sigB
w -272 320 -336 320 0
w -336 320 -336 224 0
w -336 224 -272 224 0
207 -48 304 -80 304 4 sigA
207 -48 352 -80 352 4 sigB
d 176 320 176 368 2 fwdrop\q0.5
d 336 320 336 368 2 fwdrop\q0.5
207 336 368 336 400 4 Inh
207 176 368 176 400 4 Inh
207 0 272 32 272 4 Inh
g 0 368 0 384 0 0
x -386 185 -203 188 4 16 Simulate\sPWM\sfrom\sMCU
x -101 230 66 233 4 16 Prevent\sshorts\sfor\smore
x -99 249 105 252 4 16 than\sa\sfew\sns,\sif\sthey\shappen
x 115 88 178 91 4 16 H-Bridge
x 524 245 583 248 4 16 Speaker
x 524 272 748 275 4 16 Carrier\sFrequency\sis\swell\sabove
x 524 289 854 292 4 16 audible\srange\sas\swell\sas\sdiaphragm\sresonance
x 524 305 821 308 4 16 and\swill\stherefore\sbe\smechanically\sfiltered.
207 480 224 448 224 4 A
x 116 116 376 119 4 16 2\s*\sVrms\s\q\sQuadruple\spower\scp.\swith
x 115 135 292 138 4 16 Lab\s5\sAnalog\sAmp\sSetup
t -32 352 0 352 0 1 -4.61120674129681 -0.0006268450106847506 200 default
t -32 304 0 304 0 1 0.3890809119136822 0.38895262312629963 200 default
w 0 272 0 288 0
w 0 320 0 336 0
r -48 304 -32 304 0 2200
r -48 352 -32 352 0 2200
o 38 8 0 4098 5 0.00009765625 0 6 38 3 56 0 56 3 57 0 57 3
o 34 8 0 12290 0.7610669313478795 0.0001 0 2 34 3
o 35 8 0 12290 0.7610680320399918 0.0001 0 2 35 3
o 42 8 7 135170 5 0.8 1 1 5
o 42 8 0 4354 5 0.1 1 2 42 3
o 9 8 0 4097 5 0.8 2 2 9 3
o 10 8 0 4097 5 0.8 2 2 10 3
o 69 32 0 4353 5 0.0125 3 2 69 3
