$ 1 1.0000000000000001e-7 16.817414165184545 50 5 43 5e-11
t 176 320 208 320 0 1 -4.877486190490041 -0.0006086556003630798 200 default
t 336 320 304 320 0 1 0.641970818423261 0.7610638800382128 200 default
t 240 224 208 224 0 -1 -0.6374737101394512 -0.7605961752497734 200 default
t 272 224 304 224 0 -1 4.7971501578367475 -0.08375678054830082 200 default
r 288 272 272 272 0 470
r 224 272 240 272 0 470
w 240 272 272 224 0
w 240 224 272 272 0
w 304 240 304 272 0
w 304 272 304 304 0
w 208 272 208 304 0
w 208 240 208 272 0
r 240 192 240 208 0 1000
r 272 192 272 208 0 1000
w 208 208 208 192 0
w 240 208 240 224 0
w 272 208 272 224 0
w 304 192 304 208 0
w 304 192 272 192 0
w 272 192 240 192 0
w 240 192 208 192 0
w 224 272 208 272 0
w 288 272 304 272 0
w 208 336 208 352 0
w 208 352 256 352 0
w 256 352 304 352 0
w 304 352 304 336 0
g 256 352 256 368 0 0
207 208 192 176 192 4 Vcc
207 208 160 176 160 4 Vcc
R 208 160 240 160 0 0 40 5 0 0 0.5
207 224 304 256 304 4 A
207 288 304 256 304 4 B
207 480 224 448 224 4 A
207 480 320 448 320 4 B
w 160 320 176 320 0
w 352 320 336 320 0
207 368 320 400 320 4 sigB
207 144 320 112 320 4 sigA
R -112 208 -144 208 0 3 100000 2.5 2.5 0 0.5
r 144 320 160 320 0 470
r 352 320 368 320 0 470
207 32 224 64 224 4 sigA
r 480 224 480 320 0 8.2
w 304 208 320 208 0
w 304 240 320 240 0
34 fwdrop\q0.5 1 1.7143528192810002e-7 0 1.2408413761703712 0 1
d 320 240 320 208 2 fwdrop\q0.5
d 192 240 192 208 2 fwdrop\q0.5
w 192 240 208 240 0
w 192 208 208 208 0
d 224 336 224 304 2 fwdrop\q0.5
w 224 336 208 336 0
w 224 304 208 304 0
d 288 336 288 304 2 fwdrop\q0.5
w 288 336 304 336 0
w 288 304 304 304 0
a -48 224 32 224 8 5 0 1000000 1.2500000054499338 -4.836604392434918 100000
R -48 240 -80 240 0 1 2000 5 0 0 0.5
R -48 336 -80 336 0 1 2000 5 0 3.141592653589793 0.5
a -48 320 32 320 8 5 0 1000000 1.2500000054499338 4.836604392434922 100000
207 32 320 64 320 4 sigB
w -48 304 -112 304 0
w -112 304 -112 208 0
w -112 208 -48 208 0
o 39 8 0 4098 5 0.00009765625 0 6 39 3 57 0 57 3 58 0 58 3
o 35 8 0 12290 0.7615475600843634 0.0001 0 2 35 3
o 36 8 0 12290 0.7610715260265853 0.0001 0 2 36 3
o 43 8 7 135170 5 0.8 1 1 5
o 43 8 0 4354 5 0.1 1 2 43 3
o 9 8 0 4097 5 1.6 2 2 9 3
o 10 8 0 4097 5 0.8 2 2 10 3
